48,35
34,3
10,177
10,173
10,275
10,167
10,145
10,25
10,295
11,7
11,19
11,14
11,29
11,6
8,13
8,16
46,4
46,3
46,2
46,1
46,0
45,4
45,3
45,2
45,1
45,0
44,4
44,3
44,2
44,1
44,0
43,4
43,3
43,2
43,1
43,0
41,5
41,4
41,3
41,2
41,1
41,0
38,5
38,4
38,3
38,2
38,1
38,0
36,5
36,4
36,3
36,2
36,1
36,0
34,1
34,5
32,3
32,1
27,3
27,1
24,3
24,1
20,3
20,2
20,1
19,3
19,2
19,1
12,3
12,2
12,1
11,28
11,26
11,25
11,21
11,20
11,17
11,10
11,3
18,1
11,2
18,3
11,1
10,289
10,277
10,241
10,199
10,193
10,97
14,1
10,89
14,3
10,17
10,3
13,1
10,2
13,3
10,1
9,7
9,5
9,3
9,2
